
1561025069.0013313	0	0.0	0.2191312	50.6674	0.884631
1561025070.0660343	0	0.0	0.2202114	50.6392	0.882494
1561025071.1258438	0	0.0	0.2181563	50.6235	0.880785
1561025072.17702	0	0.0	0.217284	50.5802	0.879633
1561025073.2879658	0	0.0	0.2178336	50.617999999999995	0.880446
1561025074.351329	0	0.0	0.2162189	50.577999999999996	0.878349
1561025075.4499607	0	0.0	0.21711509999999998	50.566700000000004	0.87937
1561025076.5150871	0	0.0	0.2166943	50.5689	0.878354
1561025077.552372	0	0.0	0.2166207	50.5489	0.877302
1561025078.657606	0	0.0	0.215828	50.567299999999996	0.878038
1561025082.3287961	1	-0.5	0.02358529	41.7896	0.141154
1561025083.4463205	1	-0.5	0.022445089999999997	41.7699	0.141155
1561025084.6529725	1	-0.5	0.023319239999999998	41.793600000000005	0.14294
1561025085.8090672	1	-0.5	0.023553750000000002	41.791799999999995	0.143561
1561025086.872447	1	-0.5	0.023314670000000003	41.8326	0.145626
1561025088.0008888	1	-0.5	0.02405797	41.8187	0.146194
1561025089.0346189	1	-0.5	0.02419106	41.8395	0.146936
1561025090.1414225	1	-0.5	0.02457983	41.8093	0.146987
1561025091.2021112	1	-0.5	0.02493619	41.8592	0.147931
1561025092.3102705	1	-0.5	0.02462146	41.8521	0.148488
1561025096.0143445	2	-1.0	0.000667327	38.816700000000004	0.0292282
1561025097.102428	2	-1.0	0.0009249354	38.8292	0.0294834
1561025098.1542118	2	-1.0	0.0008114407	38.8219	0.0290258
1561025099.279877	2	-1.0	0.00042986369999999997	38.827799999999996	0.0293324
1561025100.3395855	2	-1.0	0.001336902	38.8693	0.0299615
1561025101.5019598	2	-1.0	0.001550818	38.838	0.0299247
1561025102.5758045	2	-1.0	-3.684525e-05	38.827	0.0298718
1561025103.6709316	2	-1.0	0.001848489	38.8326	0.029627
1561025104.782936	2	-1.0	0.0005688934	38.8021	0.0299226
1561025105.8379583	2	-1.0	-0.001785233	38.8281	0.0301386
1561025109.562289	3	-1.5	-0.0009791835	35.528	0.0256187
1561025110.642214	3	-1.5	0.0019387389999999999	35.5279	0.0257238
1561025111.724117	3	-1.5	0.0005804368999999999	35.5184	0.0259799
1561025112.8941224	3	-1.5	0.0012989030000000001	35.5352	0.0262331
1561025113.9651432	3	-1.5	0.0012877049999999999	35.547000000000004	0.0267731
1561025115.0843117	3	-1.5	-0.0006315311	35.525999999999996	0.0268745
1561025116.112725	3	-1.5	0.003640968	35.544000000000004	0.0273666
1561025117.2044137	3	-1.5	0.001619702	35.5717	0.0260456
1561025118.3504426	3	-1.5	-0.0009330028	35.546	0.0267736
1561025119.4299362	3	-1.5	0.0008345677000000001	35.5256	0.0263526
1561025123.229999	4	-2.0	0.001380785	33.1256	0.0237795
1561025124.3537323	4	-2.0	0.0016251290000000001	33.1621	0.0244764
1561025125.4312	4	-2.0	0.001783273	33.1333	0.0246473
1561025126.5843632	4	-2.0	0.0007906454999999999	33.1455	0.0235667
1561025127.6718268	4	-2.0	0.00025253119999999997	33.1624	0.0242819
1561025128.8228831	4	-2.0	-0.0009433245	33.1483	0.0243887
1561025129.8884163	4	-2.0	0.003199835	33.1432	0.0238455
1561025131.0258095	4	-2.0	0.0025502899999999998	33.1208	0.0238787
1561025132.1377456	4	-2.0	-0.001074525	33.139199999999995	0.0234033
1561025133.3243108	4	-2.0	-0.00010722430000000001	33.1342	0.0245203
1561025137.1396656	5	-2.5	-9.522046e-05	31.2804	0.0228676
1561025138.2903411	5	-2.5	0.002891231	31.2743	0.0219958
1561025139.3972707	5	-2.5	-0.00029565360000000004	31.243900000000004	0.0230208
1561025140.5899167	5	-2.5	0.001706017	31.2628	0.023056
1561025141.7822847	5	-2.5	0.00013911280000000002	31.292599999999997	0.0217878
1561025142.9738328	5	-2.5	-0.0002157937	31.237099999999998	0.0221982
1561025144.0681412	5	-2.5	0.00165468	31.296200000000002	0.0225378
1561025145.1926355	5	-2.5	-6.983658e-05	31.2749	0.0233106
1561025146.2851236	5	-2.5	0.0006178998	31.2746	0.0229888
1561025147.4434686	5	-2.5	0.0002562388	31.289	0.0234465
1561025151.191838	6	-3.0	0.001089539	29.7613	0.0213878
1561025152.318097	6	-3.0	0.0001471403	29.7439	0.0219896
1561025153.4231896	6	-3.0	0.001085027	29.738699999999998	0.0201302
1561025154.6123435	6	-3.0	0.0008417162	29.787300000000002	0.0213572
1561025155.7934806	6	-3.0	0.0001129658	29.742000000000004	0.0208652
1561025156.9762201	6	-3.0	0.001579794	29.764400000000002	0.021283
1561025158.120834	6	-3.0	0.002223566	29.7784	0.0215366
1561025159.2449841	6	-3.0	0.00031579510000000004	29.7726	0.021417
1561025160.353615	6	-3.0	-0.0001523342	29.7621	0.019881
1561025161.5245445	6	-3.0	0.0010338810000000002	29.7322	0.02145
1561025165.3050141	7	-3.5	0.001758577	28.491	0.0208163
1561025166.4548457	7	-3.5	0.0007834607000000001	28.5027	0.019828
1561025167.5964365	7	-3.5	0.0003972182	28.4685	0.0196414
1561025168.7508059	7	-3.5	-0.0004006298	28.478	0.0199898
1561025169.8223166	7	-3.5	-0.0009435154	28.5005	0.0201415
1561025170.9817924	7	-3.5	0.0009424035	28.4792	0.0206732
1561025172.043617	7	-3.5	0.001739771	28.4684	0.0200764
1561025173.1580894	7	-3.5	0.002264007	28.485400000000002	0.0205699
1561025174.3593469	7	-3.5	0.00125567	28.4786	0.0201012
1561025175.4725804	7	-3.5	0.0003655286	28.4985	0.0200925
1561025179.162193	8	-4.0	0.0007704616	27.3566	0.0204269
1561025180.280155	8	-4.0	0.001299634	27.3788	0.018643
1561025181.353193	8	-4.0	3.911216e-05	27.328	0.0195675
1561025182.5316455	8	-4.0	0.002051089	27.3339	0.0197747
1561025183.6628454	8	-4.0	0.0008421747	27.340400000000002	0.0199186
1561025184.8258715	8	-4.0	0.001548066	27.3542	0.0206052
1561025185.9579437	8	-4.0	0.003056029	27.342399999999998	0.0196982
1561025187.088676	8	-4.0	0.001468897	27.3326	0.0200068
1561025188.1805694	8	-4.0	0.0016564379999999999	27.3756	0.0197894
1561025189.3301246	8	-4.0	-0.0007292042	27.3647	0.020052
1561025193.079895	9	-4.5	0.0008851799	26.424	0.0182771
1561025194.20572	9	-4.5	0.0020698929999999997	26.3929	0.018837
1561025195.3308852	9	-4.5	0.00215407	26.4266	0.0201542
1561025196.5331135	9	-4.5	0.003064708	26.416900000000002	0.0181705
1561025197.6589496	9	-4.5	0.001228645	26.3882	0.0198578
1561025198.811232	9	-4.5	0.00107142	26.4081	0.020382
1561025199.8901706	9	-4.5	-9.648204e-05	26.4191	0.0190951
1561025201.0123587	9	-4.5	0.00041442039999999995	26.4281	0.018687
1561025202.1054597	9	-4.5	-0.0001242361	26.4116	0.0185431
1561025203.255381	9	-4.5	-0.0002580368	26.4096	0.0207377
1561025206.995186	10	-5.0	0.001518592	25.5535	0.0188925
